저장된 학생 : 3
ksg : 100 100 100 100.000000 
ksg : 30 20 9 19.666666 
nuo : 30 20 50 33.333332 
